1514315357744009236
1514249054744219716
1513886152216805557
1494519155137708203
1494329921714262026
1500147995373473853
1500129312462995476
1499636691378503793
1460515893812531352
1488948317101625576
1465549202414370916
1489059297752121526
1494030606403768481
1499641688916754593
1485906679601037465
1476519529202061453
1465271186262069270
1471903044638740500
1476299291642429461
1476708416285053018
1480936279414800570
1494284180631326780
1483146819461451796
1493974523014283395
1481285664652918907
1489199844928258158
1485921686745256067
1485690652225437788
1483329729661505689
1483141054374088785
1471679296476286977
1471896492213141615
1481609045386334289
1469507045525946531
1469508044508364830
1469337142529490944
1454445215283941541
1456651302380634225
1465558424719720574
1453008119608250489
1462510639301001314
1462486773191016539
1462415769362235474
1449309232783560807
1449264577786155081
1449261918899404872
1460579296975257683
1460518906149077147
1436736274307350528
1437326099376898048
1436831493002363071
1438548347135852615
1438959817367621752
1443587698022547466
1445118287817085058
1445125751472132136
1458107673475158102
1458075687352271061
1458110107526369415
1447506262391656528
1447274959268220938
1456874710229844092
1456916520209748092
1452931097414467625
1452928494483800134
1456643994338590933
1454477953759973429
1454480952020439297
1450861487144046763
1450859801616711861
1452963782564515922
1441020546363035749
1450902778577817721
1447288153751687320
1443568842428387379
1445106723772698655
1431535536270475324
1433049296164356116
1443566017484947547
1431581640970211388
1440944628789543043
1441088019544281152
1438869848070553691
1424749635737620550
1425793663304208416
1434246794824646776
1434517985086804039
1434627738358255676
1431615072219693119
1433079205968609360
1433048085524910131
1421073517927202900
1420986372595908668
1420069192131936256
1429483422333669466
1429489618797072516
1429459316334919750
1428578714232291328
1428295768665624617
1428341443998777364
1424775988059045898
1426925810320801865
1422428729971576842
1426919542772203597
1426868339732648067
1415731907974660226
1425795989171605624
1425545903057666128
1424783897962745987
1413518057560604724
1422498082142289930
1413462934633451562
1406343612593078373
1423711561293238342
1423918179037478912
1423685610391994408
1412068992981532752
1412504035264696493
1422497829787664416
1351476980658339850
1414837587390238731
1409529508863807509
1420819087994519562
1409544734401368135
1420040430589841518
1419998328736972882
1408038269777743872
1417212152154161202
1417529787165053089
1417852125299478590
1406357158458691644
1406318332629618779
1415752363272306728
1415708027213840466
1414646567121584219
1414646165571371048
1402736172823871610
1413432599069851690
1412058423838642296
1412717733711450152
1412094704861974559
1412507189289025546
1401511480716951582
1396187606357905519
1411091194636800281
1410995558759403643
1411008211359891568
1399739013530783877
1399091696372945007
1399092797885124679
1409559339202773143
1408164695650865244
1408162118557106187
1407349704550908085
1397239896015503522
1396906304832016425
1403779942260670574
1407378771211980900
1407351886390231143
1406313205671657563
1395437844293488680
1404531762834702411
1405619344183918775
1405541632811728998
1405570881043955722
1394340025642258583
1403710816381042698
1402733460661080175
1404508709656465548
1404517813758066829
1403826249725509783
1401461399766433935
1402733109614477313
1392028648881524769
1402227042753450046
1402230171867680838
1402200853204570163
1399789087619285135
1401628527119569038
1391124558395867247
1400893801337458881
1400892018770706432
1400905594776584213
1399804276229799936
1397247176245121135
1390705192751599737
1399090815409717379
1388215917217058816
1387801953022644314
1398323371015409835
1398374285524865125
1398342014973640764
1387152561605181583
1397259591108005960
1395426897864687616
1396884194826915871
1392540984625332286
1396877747153797240
1396191410666999949
1396156868346515456
1384462313867710545
1395434494760063198
1395422024113066126
1390177381263605771
1390177746298339388
1392540472836231229
1394286630549979217
1394287376100098089
1382767150430814278
1393476556604706826
1393241220096065576
1393483608177512469
1393240923306987631
1382015249762222152
1392565327644065883
1391957069669728457
1391826928624865370
1391121541462229083
1391124913305292940
1380012954631802900
1390719127559213117
1379873066502586398
1390704136839893023
1379371790220001391
1390058948777869352
1379178642072141854
1389561523911004210
1389567009683144784
1389498074937950329
1388964173697781880
1378278573797937202
1388965546661515405
1388943316401393704
1387733369487364136
1388211160603558011
1388198420967325906
1387807622434132061
1387183082066677940
1387334328303751168
1366787205204541571
1366973978199199885
1365217129082917056
1375520600667328524
1386398221953138871
1386585320740622398
1386397927328579714
1385643075098902668
1384444734776541306
1385653153151848518
1385645954853638304
1385313862668259339
1385287605985345701
1385279282925797548
1384469739128098948
1383820799428792512
1383850779223523429
1383850466093432975
1381492966664700024
1382980103818186782
1382763803812429854
1382004967832813579
1371361232120057886
1382017347212021851
1381981886615912458
1381460508426768414
1380686680276602920
1381316579089842216
1380620180819935355
1380621787909460088
1379835928717033532
1379183523755331755
1378392761857740881
1378445349168873563
1377167047649136761
1374208498870779915
1372087796566720603
1371383679791927296
1375854007633051728
1377189121059061760
1377277187895590983
1377167383332126740
1375849232929652796
1369656453572333588
1369658616671375420
1368125675772579850
1368090747752022131
1356488702549037087
1375507252731183104
1373118404877090906
1363367429882904717
1363369302753017926
1374087898802159656
1374056017645670440
1373389557835370706
1373290934854483998
1362016797334835371
1372069032135495702
1372051190912778300
1371363739520995375
1359416972424646787
1369630633412006048
1358390254243151936
1340256594356867082
1368056607111512145
1364584032200822956
1356562663819317328
1366676229092278283
1363447673440702554
1365216232592113714
1365281733322211368
1353793085166981211
1353741032226820286
1364502482994069564
1364577356769136711
1348193625699258389
1343955055078019188
1352949566785191946
1352727480720556042
1351462051351892030
1362078240822530291
1362028451829252096
1361378372046950601
1361360365409145036
1361256468606881924
1360475870329835611
1360508213405155369
1360288537592725585
1359481088279449660
1359441907813584896
1358319930809778226
1358376337404067860
1357026899091521578
1357033753259675849
1357019117378601003
1356522173346615387
1355703457461571645
1355587286753870046
1355564984683466762
1354702204409483386
1354745136952905738
1354776118846291998
1353956060838498324
1350444431165100075
1343303166262902804
1343209461657108542
1342203846226612364
1352562306760052747
1351474103533441025
1346108956543549472
1350458389225934888
1350451058350231653
1349775805659615265
1349756051498598482
1349682773140439121
1349668477505507362
1315358553401200651
1338524608436895846
1348050391530733568
1348145227726323743
1347391357970546729
1347325867814158377
1336545302936555522
1347282945253052487
1346378213101670433
1332969267313901589
1346133510183981086
1346108153263296563
1344765875995017327
1344845351563169813
1344867951245000815
1334427064836821034
1344932418515238953
1343954504097202240
1343954048805765170
1343096779368829058
1343082793273655397
1342116347684847637
1342182240624312451
1340161722316754955
1340287249119580181
1333559696942039121
1338763465665544213
1333004989278191691
1338482294859628605
1333604396252008488
1332986286532857957
1329009855532499005
1336378235771949157
1336360095868522618
1324664739267215440
1314233631727816796
1334429195828465714
1334508547051884574
1333594742629470228
1331601090327609394
1331596945462136832
1331593999957495939
1330925241828118559
1330903769449365504
1330422863479705677
1329451559456870432
1330919293021458472
1328810123002642462
1324663069736960050
1330403113512734752
1323938831770058762
1330364568685248523
1329437492931461181
1329420622803243118
1328765853960769547
1315370164568457278
1315357674283729056
1314149791139237898
1293156275198361600
1314227512552722452
1305534961742385192
1300457304633774091
1292094154297573406
1298320622107103313
1312035589830217789
1312232549740839025
1312236232880951371
1298283982944993315
1310460712992116830
1310272729022468106
1310090666193322044
1308027062610690129
1307973375481614357
1307927372309467146
1305032549030039614
1304947062860808283
1302979060896370779
1303023867832307793
1296540688510619688
1303003066311643136
1300482261652865044
1300121640918847578
1298285003053994056
1296526613738950686
1294639516396552273
1284216747368386664
1296190696822145168
1294680747088678952
1281805042805903360
1294706814943887411
1294652967890321510
1293231879511740457
1288545037742899283
1293244186891653212
1292084231547261019
1292082208055758930
1291837625895751750
1290626948997054657
1290646730823696405
1290566925533052948
1285958850205450261
1285932774619873313
1288511366780424225
1288535667084623982
1287993518362464279
1288005964703993950
1288014070502391889
1285912731441958962
1281808907987325022
1272843396385607721
1282899972718723205
1282714120319406162
1273532053970747432
1280603334880923689
1284077395732856923
1277307534260174919
1284134357199491164
1283836704737988718
1282689427730333717
1280743747000467456
1281872417827852341
1273523936394612754
1280780501983952939
1279668916213518397
1279473028652208190
1279471943954731070
1278253446105006091
1278415372281970688
1278336841866809344
1270261453634670693
1276187489044009043
1270979778865926182
1276191848863633408
1269545843669860363
1274425087012896858
1277329326425112586
1277289663266295881
1271773956969332796
1273532494087716935
1276172789790933145
1271812315913654292
1271789701736693821
1267868147680153620
1274423528749404165
1274411277615239228
1270086501597843548
1270961702497812571
1268766846371369010
1269534530931523586
1270268085865156712
1271850889375776869
1272845347651321960
1272848424454197309
1260615916467519544
1270815821546917949
1266112006549671936
1257922971402764388
1264933013507014687
1265652439579754549
1265631647949131827
1267864937594621953
1266111689573666910
1268580868155244604
1268739141202608221
1268635448868081714
1261675900743716905
1269538967380824135
1266826892435263520
1266235545433149450
1261655983164358739
1259759063718297673
1262437893654446192
1259758189424021615
1267495242987474984
1267871179226746961
1263026987434250300
1267488358943293450
1267535916537217065
1266791469549883472
1266779113322971176
1265604025060036679
1264828422174150676
1264734209596199003
1260634129914138725
1263115165235155075
1263734279930773575
1263808757641510964
1263720908108070912
1262989804359122964
1262402606949466235
1263065530097467402
1262325851270414357
1262354451809833002
1261696968640696333
1261685362628100186
1260765195211640903
1257052829957492928
1256102708687933441
1257878429513285633
1255958435699228765
1258838500829171844
1248693498052477030
1250400914657771601
1259757799194366062
1258829770083270696
1258016528264204338
1258853964590612541
1258063608655646730
1257003262637506691
1257058153678504018
1251910197681852529
1250006727030476800
1254840271829467247
1250419907430977599
1247911592797147176
1251905473679200297
1244347256774197318
1255808202084319295
1254793360343040141
1254781876862849045
1244347992748593226
1244522044096249916
1245807402004254782
1247856088884187198
1252585677976244255
1253320730485981195
1253401225173401661
1253571035756888146
1253417120251904091
1252606265704841268
1235566028235210822
1252554434144239756
1252549967566999604
1251873355011719259
1251137239413428274
1251158028930256960
1251123249841180773
1250427341285359901
1250007872570523709
1250009254564331591
1248656016061763584
1248572992393576470
1247944919440687104
1247058892848889916
1247087363088191498
1246873455916482611
1245965074317971456
1245247009879752807
1245979333328240722
1245240920933269566
1245337246685728841
1245262531010756638
1238880908237602886
1242538124056334387
1242700106055155742
1242714012349890601
1241290484698054696
1235544540580937789
1232677306443628594
1230913879492661328
1236931147502719007
1241237031540228146
1241314366805245962
1239998572661968938
1239957354955673690
1239951705559404554
1228963344246116464
1228963763957399594
1227950142460788766
1238829884566933535
1238856617475313676
1237048666397868143
1237018129499029564
1236661843330732143
1235541357414580244
1230908789117423637
1234126037009436672
1234064724744863765
1233809831966806097
1233761039389163570
1232654921535590511
1232627096518656001
1230877905618210966
1229681162293743718
1228963845633212509
1227949299279597600
1227937749370404914
1226946213073387540
1226950314343530576
1229757747201966090
1229671257579065354
1226770061063225344
